50
0.4361207270399861 -0.118947965203736 
-0.1584541612849144 -0.1390913884519519 
0.2910314638084094 0.3658060374351274 
0.1020643963497732 0.396304739076928 
-0.3062573487928671 -0.2672626779109823 
0.1161705289186635 0.4780747140553544 
0.001711473801835894 -0.2352637390003202 
-0.0776634501085276 -0.2896092792876152 
-0.463158633525631 -0.3071539535253811 
-0.3364984102887086 0.4712169985018829 
-0.2559137798435183 -0.1428997401547616 
0.2840644244887535 0.2707762464608776 
-0.06363176420669236 -0.4590644370383252 
-0.4959936235062719 -0.1648303011104747 
-0.3028733868178664 -0.3930137906158471 
-0.3827797178018649 -0.3787180132965725 
-0.1136504245117776 -0.1226877929854093 
-0.01373965853242171 0.07755524020414362 
0.4709175913323812 -0.2880500753298868 
-0.257617728093283 0.2188420395542328 
0.07815316233611957 -0.4798051416685852 
-0.08501618177165854 0.1330297162132614 
-0.1695645578853456 0.1284730351795191 
0.2462973438634513 -0.4805475277645025 
0.4377007102013573 0.4358290158545869 
-0.02173785587934579 -0.3481475071498635 
-0.3151538561239409 0.209138678581583 
-0.006234629085505983 0.2145850958438451 
-0.4682997450868597 0.2861840774176494 
-0.1042169943491155 0.4249728773021818 
-0.4808584214009889 0.2125113641028399 
-0.3215090998648751 0.3965571745266739 
-0.06357474677597613 0.4992275210090238 
-0.4830622216528861 0.1732405476954212 
-0.3461201520134882 -0.2413960948971995 
-0.1441689609961295 -0.04773024660323771 
-0.2022582001073828 -0.3535715349517498 
-0.4767890800505775 -0.3940685916636778 
-0.1108209203098164 0.4327893074907263 
-0.1101163035352866 0.2752834314250233 
-0.3113741072000694 -0.2646211877135757 
-0.4883037442232517 0.0789707485390555 
0.2613661650208441 -0.2188704532746882 
0.4442896125319317 0.1755104341316134 
-0.1961388366260928 0.4945704475925961 
0.2455049052326985 0.2009364116945643 
0.1382658650523665 -0.1656110600248082 
-0.4250884539681379 -0.4616464287616745 
0.1084715026509683 0.08054029297133936 
-0.3593005741567357 0.2352490469210307 
