100
-0.1099307547415893 0.39380200569872 
-0.369697216776849 0.4988766121667592 
-0.3807871307998776 0.110691713737968 
0.3956280149478726 0.3200402197614687 
-0.08403288673985088 -0.3407306921116362 
0.3392564336203564 -0.1171267108219924 
0.451368218708195 0.1456443831749674 
-0.1548570312139178 0.3178736868480907 
-0.4969515451201718 -0.2646188584758145 
-0.4491562451693753 0.03098704063425495 
-0.2008122156381721 -0.05091057210314143 
0.3460111481566086 0.4093604473484311 
0.1210314683812033 0.1758842227755899 
0.08612689989258249 -0.4651980925958586 
0.4156574694585591 -0.04491797605987452 
0.06357280031179335 0.468050430033403 
-0.4764300049063098 -0.3590926447502269 
-0.2700814197492613 -0.2584235251493971 
-0.3241890765020522 0.3541898544451128 
-0.1311230260237334 0.2152987324775185 
-0.4742088485268958 -0.02811739316966144 
0.4309693048065243 0.3010985975163976 
-0.4358778115696067 0.2016204481028211 
-0.3651342269639803 0.1890463611940354 
0.3021871957948312 -0.1398065543172942 
0.2712387705885235 -0.2899887545872375 
0.1590000089807436 0.3131457821588458 
0.04115437999475224 -0.3183396633885239 
-0.3347239925849474 0.2938553316461437 
-0.1734472361145981 -0.1276999335994012 
-0.2527869187787053 0.4102541519424451 
0.1415245729885293 -0.396506802548195 
-0.08983123729921061 0.2063915023639719 
-0.1780252970550445 -0.07117012382593951 
-0.1562744985858672 0.4944995776698921 
0.05439411481320311 0.2018833269382672 
0.05307035851578257 -0.04648875356324833 
-0.3364846867848976 -0.298132073411841 
0.2942405876649922 0.3015506698764401 
0.1621023404059022 0.4540300205853116 
-0.1174514890810954 -0.007179979707282014 
0.3260772031043444 0.379546109940434 
0.03146288546869802 -0.2032880868793354 
0.3371214972223355 0.0009972644047786527 
-0.2389810697538602 0.4451586044814052 
-0.219341878052188 -0.4789466196475053 
0.3441634199993344 0.3545933224769247 
-0.3500358186196869 -0.05200471454486688 
-0.04324086154181589 0.2508364922840488 
-0.1910800581714884 -0.4825401059189254 
-0.05156031581718507 0.4257685513475616 
-0.1079647467545837 0.4364982279357484 
0.2257095870801337 -0.4989756238637265 
-0.283310285567595 0.4040287699587911 
-0.488470377855441 0.2783592937312641 
0.3846436500406299 -0.2941806905848726 
-0.294868270675529 0.1489731512488547 
-0.208252039466288 -0.09202959303933156 
0.2586265953803683 -0.2628173793319775 
-0.1716962886710617 0.3004737364132644 
0.06208163319349436 0.4060046844240321 
-0.2792759759158604 0.2086710549971751 
0.134415791495159 0.1262026942579101 
0.0886774920752994 0.4026047027694105 
-0.4227676185991314 -0.4553664000289201 
-0.3430856353073247 -0.2402738381552266 
-0.2823999075055121 -0.295247148066058 
-0.21881914857665 0.306567671994276 
0.4828568957586371 0.3758393236210936 
-0.2684947548140723 0.4086540284647178 
0.2482492953988251 0.3259019123631547 
0.4334346241629073 -0.2642789993102467 
0.2628567481998882 -0.1666389747212073 
0.298749252035049 0.07867270203183652 
0.2520985205211663 0.01982851328312285 
0.2578186814280401 0.1585728304074824 
0.1335555046177986 -0.3326388470201184 
0.3388968234312691 -0.1610951560187108 
0.4737101415858699 -0.3536579868324641 
0.07021416171473838 0.08941147717592446 
-0.261307717078652 0.2011971913289252 
-0.4788108225714516 -0.3734951241626359 
-0.3325527914171599 -0.2147666585769194 
0.4167670658014409 -0.3959322500936056 
-0.4333281376709492 0.05398964281565477 
0.4039224674030416 -0.2750974314055382 
0.4374686073860793 -0.4651229991252748 
-0.3222465713715614 0.001873567236469698 
0.4890406159581995 0.3056246692367128 
-0.3661904436221257 0.4372129961263509 
0.2388185609493577 -0.1764519062605239 
0.3728089475751006 -0.2000249360688263 
0.1808971438379 0.3382911550237715 
-0.3405640761745759 0.1395704863961511 
-0.2388401452813672 -0.1863237877249008 
0.4560972530917239 -0.3734747701077487 
0.009537809071631931 0.301953079460145 
-0.07459978952500951 0.2013341241528598 
-0.1773808516351328 -0.2399759564921036 
-0.2759027977249611 -0.09832311710186592 
