200
0.1505138409794438 -0.3138797495643419 
-0.3769523844839562 -0.4387269848387008 
0.315565336789531 -0.293390961171492 
-0.0218860260414761 0.1615565793230725 
0.2814235056577469 -0.1151465257770815 
-0.2676617473062703 0.4090112055735767 
0.2513249611960026 0.01861694130917724 
-0.1050714753615404 0.06371050799611067 
-0.217496521042191 -0.4640313670635515 
0.02481348162965247 0.04018164243566025 
0.3328601888686979 0.3811877983447051 
-0.3766801169856266 0.1372728577230804 
0.1449147645802374 -0.4175567472517088 
0.1237482955900471 -0.1624008996061989 
-0.4719223235472313 0.40150792235649 
0.1436439902928136 0.2245398142603596 
-0.1593473964923503 -0.1516955128421034 
0.4535129372528874 0.1919289470575088 
-0.2501922196244749 0.01936281660512351 
0.4308546180192889 0.3735577653847242 
0.3853559846853427 -0.3219723224844526 
-0.3888253894530473 0.01167859277844296 
0.2821048230697446 0.3357552125451669 
0.03785070594200002 0.1568105580814281 
-0.4849554658727306 0.3534849596707942 
0.02171050759191673 -0.1115029855738422 
-0.03068157986801262 0.3346834856408495 
0.02533663345997839 -0.1672055494666151 
-0.2236724898439576 -0.2635389699261067 
-0.299469398613525 -0.1821840667931214 
0.03238692091068895 0.3269755796780582 
0.4785611773641418 0.1777003008664588 
-0.3910486413082561 -0.3545153204859377 
-0.3389925456968998 -0.4477167878744349 
0.2239457855224104 -0.1431883905485165 
0.432717258979303 -0.3210356345596124 
0.3540885563512226 0.1663599108963831 
0.01101722057072185 0.1664221330233124 
0.05678450740574348 0.3772116111379225 
-0.2044584701810577 -0.3335106459758344 
-0.3134282187683771 0.2119257000386023 
-0.1647650228485139 -0.205741638509316 
0.1002792712303616 0.3937068710976345 
0.03137554370926277 0.3287589632242536 
0.4518884242995534 -0.1112602470547522 
0.04902470861470765 -0.04172660926517713 
-0.2991255063555441 -0.4023868897020695 
0.08354401363389941 0.1242325782070239 
-0.02306295980053297 0.3808309001669575 
-0.375067787594225 0.2356929264363767 
0.2910088587468572 -0.01411723207134497 
-0.268323225684765 0.2915441033351646 
-0.01826144058095425 0.07996438590806387 
-0.03857058197126778 -0.2557748023008693 
0.1928958182156978 1.13286078081698e-05 
0.1903959984801672 -0.01445894689714439 
-0.01152430010170147 0.3110843680902239 
0.3949681449634658 0.2296053969577005 
-0.0220990418662308 -0.418600385932811 
-0.4166870097785136 -0.2585739994035792 
0.1467901348572133 0.1017914834448989 
-0.1905424512834684 -0.4469811431569803 
-0.4120734542720704 0.2814533615312105 
0.3866411395246546 0.2776250520512695 
0.04424373995907949 -0.3954667671541374 
0.390043622711714 0.4631599504157528 
0.3292790998977414 0.1938254914188995 
-0.3749711526324704 -0.1401632722841233 
0.2758799048847331 -0.2864446745127855 
-0.275646207645206 0.214186351480136 
-0.1699962626863236 -0.127189551598569 
0.3252033654835107 -0.3070427768929329 
-0.4679527496620572 0.1181361792778002 
-0.4852397157673163 -0.4239030167683056 
0.4619965799730239 -0.2234879221985935 
-0.1615105556896986 0.4920878745541795 
-0.4791001323415899 -0.2359244285485935 
-0.1818726828152991 0.2658174338432191 
-0.4063953905425923 -0.2873295818337515 
-0.1482835441346127 -0.2015290229595537 
-0.0982912169753492 0.01951315162658052 
-0.04246467774963442 0.2961574814246571 
-0.4812159268010556 0.203918107975198 
0.251635230380702 0.2333111262259178 
0.2600927401893705 0.3786784143919856 
0.4481038096808864 0.2807218868105876 
0.09274551560426647 -0.2261238780115953 
-0.4640198843218571 0.2178039212876968 
-0.3695005354187456 -0.1954998040529897 
0.2347908986125057 0.1306272299314172 
0.4518485222494681 0.2181059976276998 
-0.2925034913164596 -0.1061801794973949 
0.4297201055378841 0.3058064992593662 
-0.3101732542833064 -0.08188622499060466 
-0.2617866892943035 0.1511111665993101 
-0.2746280611256399 0.3261748979111899 
0.02150272766268135 0.3963397456298953 
0.2820977869276868 0.2174987729801785 
-0.4981281375495047 -0.03960780896209909 
0.3115511711794429 0.2405276617412713 
-0.4515949100736481 0.04434601361336743 
0.323446539997539 0.1659912943523296 
-0.1843210325430343 0.1164035788890008 
0.3949455636506394 -0.1499187277163553 
0.3159405317305964 0.0125104105216548 
0.2624656267114595 0.2597821725157855 
0.1589675267776172 -0.2327826057866054 
-0.377257546761313 0.4324106224183092 
-0.4746763128551434 0.1152096456989736 
0.3285104481768891 0.2750960251084492 
-0.4611120684641526 0.08946501891078895 
-0.3614317796765191 0.4160778926835189 
0.02113516258181558 0.2186734343121512 
0.2444048600684897 -0.2875226547825361 
-0.3932605929609952 0.4692132696222637 
0.06741495623012539 0.04316491917070464 
0.4727922514758932 0.219362942240539 
-0.1670353931067841 -0.3638545515610413 
-0.3034491518544491 -0.06989675580514293 
0.2452218171630258 0.4430752270324856 
-0.2346666457454363 -0.04231711993209747 
-0.223838280629216 -0.04998469636774128 
-0.09279537442400621 0.3881388692074818 
0.4499678196850865 -0.390861987500323 
-0.2174247719509758 -0.2581443914753798 
0.367210580843697 -0.2917745469992743 
0.1451869538474706 0.1571282652738767 
-0.1452506847169722 -0.2282608144248471 
-0.3795101650799719 -0.427345442052321 
-0.3948451419312927 -0.1623012620604609 
0.2026859072062056 -0.4579630847628816 
0.01443406149226623 -0.4067325255896268 
0.04644168545160599 -0.4545968914912984 
-0.4099556495528255 -0.1246027388839077 
-0.1982353596931652 0.2583072756028801 
0.3703751232199139 -0.1053108546001006 
0.04046364737717778 0.07251723862487569 
-0.2027749123077606 -0.0379534825104787 
0.1158158305248393 -0.4833411886201624 
0.4846427310115125 0.390372404726569 
-0.01100072871055524 0.1107487348939746 
0.3539825834836648 0.3852739267845395 
0.2988805396471923 0.2852235983919572 
-0.246987971707236 -0.1268424635071703 
0.1587129148270123 0.4879543427265756 
0.04863047371490903 0.3323674330789292 
0.09944124342821659 0.3089736069636173 
-0.08059409361387987 0.4550653495407341 
0.2833222567879802 -0.2028362948473881 
-0.06960982556418499 0.06765837461469548 
0.1342977067775072 0.1415528456136145 
0.07867120725910293 0.2269758751867115 
-0.2164714263905505 -0.2352655648582294 
-0.1083506439890253 -0.04927658853053729 
-0.1916269601244731 0.3256787749246497 
-0.3168363033950667 -0.0677525941913506 
0.2821460434069355 0.02854541924646625 
-0.2371428611102913 0.3399312625079707 
0.2247223981886379 -0.09065931531662058 
0.2888842702739726 0.2779243209193687 
0.07405560377431619 -0.3474718577670602 
0.04048531552821888 0.4366938531740512 
-0.4864170346282581 -0.2111011033049795 
0.0237544924241998 0.2417500747756568 
0.09350094952946619 0.4704540972322729 
-0.0779954121243166 0.1311051241411875 
0.4838165021350761 -0.4960563154854405 
-0.218494394531934 -0.2352911012575879 
0.4624590924591376 -0.4500405718107154 
0.1681091866158966 0.411094224928966 
0.26063125092595 0.4294283598935495 
0.4024374572582892 -0.2336629226185967 
-0.1727425350553752 -0.2837892368284886 
0.3542949318460141 -0.3650871500047735 
-0.01973118588303324 0.3779551055077045 
0.2914513971576946 0.4236258356120678 
-0.1205880964366609 0.2758602199851165 
0.3827112180951155 0.2274356165225018 
-0.4895987994872023 0.3129769375668624 
0.2033833239259043 0.2635197180914877 
-0.02410401173318177 -0.116128923945249 
0.2211722482193003 0.2419701779652109 
-0.2072247454963855 0.1737001511954703 
0.3784358700536525 0.3716611171808663 
-0.4916103631179876 -0.4953729896763088 
0.2661624744219356 0.3927016136168517 
0.1360130721107247 -0.0283020125034284 
0.3280721635819154 -0.09115315935681867 
-0.01115250961031067 -0.4402328463645958 
0.006550682714721812 0.09732042215514969 
-0.3356695131730936 0.4024908141256225 
-0.3368940538139027 -0.1783637266404589 
0.2408438369080833 -0.1376388837933902 
-0.2967227513871368 -0.01928415430643049 
-0.1087851902551811 -0.3526956805518788 
0.2436958120611458 -0.2044925086242077 
0.09440524046719567 -0.3311281197994278 
-0.270310790529764 -0.1134582311971655 
0.1075052443030339 -0.1593637533107435 
-0.4266045595767019 0.05716662021089958 
