1000
-0.4999921736307369 -0.3684622117955817 
0.2556053225468894 -0.04134986786297512 
0.03276723766025835 -0.2810408135699488 
-0.452955383763607 0.17886471718444 
0.1792964061529342 0.4346928963760779 
-0.1164979223315585 0.01941637230982662 
0.330965346499314 -0.4654278894564396 
-0.4465383649305798 0.02970019358182341 
0.1711493843897706 -0.4923018137852678 
-0.1165843490665633 -0.433157762450313 
-0.08251402534778607 0.1867727126802995 
0.08897664313109277 0.4304364951610905 
0.3461668909026001 0.02692877783154024 
-0.4080351091996162 0.1539189626033595 
-0.08400064295530379 0.2011905947711231 
0.4103208309135594 0.2621980400403944 
-0.2375470062136156 -0.452535486270241 
0.2360818849281239 -0.1717657737170958 
0.1326385681821393 0.2564104863036522 
0.4910373859955346 -0.1346613291042497 
-0.2529611142845463 0.4825502866716592 
0.2226604011120837 0.2533558353347293 
0.151518575056939 -0.4273141170174946 
0.1316347183954294 0.3847071289873748 
-0.2272900331088249 -0.06358859414568974 
0.2664947782331097 -0.0222682347728575 
-0.2622255662104353 -0.2250931595685828 
-0.140735020526438 -0.3334927995069816 
-0.01348261676121748 0.3976562869713235 
0.4092081020671949 -0.4394356724242081 
0.4046530927574756 0.004522894979010261 
0.01629196388301624 -0.1809670586893028 
0.4866421124773492 -0.006023314787096612 
-0.2338554926531906 -0.4092671050776421 
0.4477642504011879 -0.4262509247532589 
0.0007070950239032037 -0.1158578517994451 
-0.2229181995828806 0.4138174424076615 
0.02974739394127146 -0.0355541748325845 
0.4409799542659707 -0.4499160162638091 
0.2615142625398136 0.2702045471129981 
0.3278173006398765 -0.3746346243420938 
-0.4841322987192611 0.1884553015124568 
0.3682471321599997 0.1295434181853602 
0.2362245146522527 0.2254119987836219 
0.4994578794571178 0.3885722140675152 
-0.266805121457954 -0.1936781687603129 
-0.1489847518028549 0.01327370248108517 
0.09111358280397353 0.3459815605040468 
-0.08791922925777662 0.3415106398440065 
-0.2306827276299547 -0.08460538423117753 
0.03730397581803047 -0.03208263128258532 
-0.212787628372002 -0.3216722959854382 
-0.3462800228467956 0.07165481110257543 
0.3024057273775392 -0.4669462456060073 
0.03444984139357676 -0.001519880724623668 
0.4553607604050643 0.2482926512586816 
0.0545838485048934 0.3907374817791744 
0.1248492916346056 0.3420396129060905 
-0.3402324773745914 -0.2872484850578462 
0.2147099680404272 -0.3695727380640551 
-0.4090096633033917 -0.2254118521003163 
-0.4970003990428526 -0.08570673650662108 
-0.4731237091805076 0.2098195931965667 
0.4378972998241869 -0.2600891951099868 
-0.319104091095835 -0.1824604633100894 
0.3869906625589269 0.1520586862713645 
-0.3496649403587588 0.1813462140796205 
-0.1141852961053935 -0.1122746626960809 
-0.0002589672806290744 -0.3524669966217754 
0.08718662344588579 0.3455756598576677 
0.09010861030789896 0.4554088268945076 
0.0561461388656368 -0.3518484377785105 
0.483305097542056 -0.09123330618369702 
-0.3581802284886876 0.06489868095600859 
-0.2478735933526173 -0.01148545044612648 
-0.03596947112676641 0.4610951412106818 
-0.3739691938962501 -0.3002428005451735 
-0.1807503259561493 0.1292691567253965 
-0.3732878410939945 0.1512537418410682 
0.1216340261712987 0.3030729962541471 
-0.2521582415813192 -0.02356819670979698 
-0.1106858301075975 -0.2967496652125843 
-0.4716248186040901 0.4016734994032174 
-0.07350258675730098 -0.3579789678174806 
0.4474867805349517 -0.08968696425639744 
-0.3688114684715974 0.3856483715452704 
-0.4078263700081281 -0.3378014479184537 
-0.4289364348435182 -0.1346609710107194 
-0.2469426363212454 -0.3648906316281209 
0.2831531691208046 -0.04469271567155858 
-0.1504758551255575 -0.04769983053924498 
0.3089445874178266 0.4316744007465191 
0.1516460554223936 -0.2847516157522347 
0.1795923678945679 0.4089218856849911 
-0.2498744057955913 0.3608598363221249 
-0.02873767123440063 0.005955875391099541 
0.1003937386911304 0.3175614833064019 
0.2558435325099561 -0.03775502046361101 
0.4513674508327316 0.1327387002601649 
-0.06066967925119182 0.3246973872414766 
0.1889809134313659 0.2022066490745233 
0.4871455002456396 0.4544149031438072 
0.3512696687609607 -0.2106837967510184 
0.03742574158816203 0.01443466638627899 
-0.3965660719168988 -0.08597151663710506 
0.07671664010427581 0.376565719374051 
-0.05996134044598911 0.2297476806954925 
0.369263738272026 0.2156423350941784 
0.3007203273481879 0.2065354745895932 
0.2417158980311043 -0.480907596164297 
0.3860311176497779 0.0249874056549626 
-0.0366772655739237 -0.4348061270404664 
0.2134223209819033 -0.01105684043006677 
0.1676790655289582 0.1820491200145792 
-0.3004452528436158 0.4166338959863725 
0.3658826694506059 0.3900186800304974 
0.04394830720866871 -0.3608050009802031 
-0.04965256345425972 0.4893625001323991 
-0.2844680177834519 -0.05397657310029175 
-0.1842675872000564 0.01465945785367806 
0.3815041192635001 -0.06027443712602781 
-0.03246821838660929 0.3066499175565782 
-0.1348419395599905 -0.2884810425233851 
0.4991166545069932 -0.3463955203503328 
0.1304882700838971 0.1163503659110054 
-0.4994049575174274 -0.4991210000581304 
0.2733520164837614 0.2273349903778499 
-0.1808224117204756 -0.08227628383997482 
0.1824942326010152 0.1805619841260482 
-0.2947381197425892 0.3364198802378213 
0.2089206112631788 0.3287079523584879 
-0.405451196623455 -0.4182623903437167 
0.2640048537999437 0.1295718365624284 
-0.2861478224267697 -0.2864532003053028 
-0.4189392024827555 -0.1111767619021021 
0.4521596687400338 0.4475450622360642 
-0.1101464141254745 -0.2307852578636121 
0.1921689796188557 -0.2159649629294546 
0.2768658220552521 0.2838652029483255 
-0.07754018211508185 -0.2178441143760869 
-0.3060325270574843 -0.4886837731941452 
-0.3081761624740215 0.4832357982948756 
-0.2559457530788572 0.3197260939699841 
-0.3635450618933375 -0.1018563090840879 
0.1010101079950203 -0.3231196313380447 
0.3283547175380911 -0.3422688202394814 
0.4879370010345587 -0.2428313440110826 
-0.266400806853921 -0.398362622036005 
-0.2805893544858222 0.1347174398924387 
0.1960073050074347 0.2947698131154941 
0.1962428122723874 0.2529404133119997 
0.1695206423006212 0.1334299069209303 
-0.4435593373547861 0.09821663666350455 
-0.2729922782378199 -0.181222119537389 
0.1998344405552693 -0.3825630646967916 
0.2625707222731511 0.02612327693600514 
0.05391134606107262 0.08798891360684202 
-0.1703336114718892 0.2029894121950394 
-0.3569547397614967 -0.3383122909239608 
-0.01467482421051231 0.3602256959865109 
0.3132657132235036 0.05683578276712054 
0.2389966093366934 -0.1839926617070964 
-0.3646677842965981 0.02854826816222467 
-0.1892611339588288 0.08811912228178154 
0.01808358730569815 -0.06915220764386676 
-0.2411572423215557 -0.1297737240137288 
-0.1069823960838676 -0.05313405725465536 
-0.02410377610857017 -0.1121687810981356 
-0.2207069515443472 -0.4217367916570388 
-0.1302579921952057 -0.2460777184423783 
0.1717841519711392 0.1762369216198445 
0.01393637248681523 0.2286083639865819 
0.2207678204595743 0.444752823509977 
-0.0393026615859034 0.4401631205716758 
-0.178439909758456 -0.03956582680304144 
0.01714531799512475 0.1613554970001387 
-0.09816709449344047 0.1056397041358423 
0.4865026716017189 -0.3496061105743107 
0.1700984008331768 -0.1561824410745711 
0.04171016909341341 0.02280771361925427 
0.3292387075063201 -0.4850494311983226 
-0.2257902670891865 0.1429788862755326 
0.04613660093968419 0.4178477194326443 
-0.2333866788385312 0.4700866746437612 
-0.2532668544475611 0.3439753692075381 
0.1940236661527526 -0.0442484021598924 
0.3171013321886783 -0.4779162998105551 
-0.3392510887600957 0.2069499513199087 
0.2078263011833897 -0.06336155027464174 
0.08242111707331712 0.2517100933489483 
0.4915330330762389 0.1956791525666408 
-0.2204882569801884 0.2538627467619839 
-0.3288210712641674 -0.4957460765687247 
-0.00430892361729307 -0.4200831152685761 
-0.3369189443410551 0.4033011839755822 
0.2829920084057301 0.2466791474695124 
-0.06357432348986558 -0.4936583097965068 
0.08478720074965362 0.01847842290855795 
-0.4331502336386128 0.04402271289753046 
-0.1102685887462167 -0.2841741077454519 
-0.1142305667644651 0.1268613707524364 
0.159053330457819 0.2093198468995465 
0.03866128953049075 -0.2197110766728512 
0.3159321661255622 -0.1280903132893986 
0.186101634694358 -0.1898310614655084 
-0.4906524782913295 -0.3962027154827515 
0.02096006928101191 0.2758803291021663 
-0.2793148521141288 -0.444721209299491 
-0.4293651291442711 -0.3397260805030596 
0.2237637310510163 -0.2029778898721355 
-0.4493974055623611 -0.02219568241592096 
-0.04283810364346774 0.01998848656191354 
-0.05351042333385947 -0.3496884664983381 
-0.2140576138292045 0.3336821350582709 
0.195637399978598 0.0777759962508231 
0.1811644660133538 -0.1688250444539124 
-0.4425247287773758 0.4868829892826109 
0.04239314938186967 -0.4983425838857354 
0.3561926198715275 -0.4706445201026691 
-0.1224495951295361 -0.01034829673389748 
0.07617296145872487 0.2389587277909356 
0.1793321992078165 0.03626676931629591 
-0.4644122980203594 -0.3774931066459912 
0.4733556424950768 -0.3117242029977256 
-0.1486812561272469 0.1141255200972087 
0.1076114676963644 -0.3740671825353682 
0.05286214272758194 0.4540284960102555 
-0.1430750220483868 0.3381016397272252 
0.474252336634558 -0.2409858077214899 
-0.2484724021036852 -0.07566412498770664 
0.3130480109835491 0.3979142377133614 
-0.2554137788297737 0.2606172941258338 
0.1948564203408141 -0.04814876993014361 
-0.236379752155747 0.1655034554800983 
-0.3834289544107662 -0.2904376939781361 
-0.3863243305928301 0.04697483689242488 
-0.4939206298384076 -0.3240257416144253 
0.09935930939331583 -0.06809171714642243 
-0.4174934601574144 0.1874144889297099 
-0.1246899381509888 0.3362065594049232 
-0.3763626258600155 0.4733462035407743 
-0.4703647079601555 -0.4196469182331552 
-0.005755373282130216 0.2694373794546699 
0.4340304731708303 -0.2498447278047397 
-0.140342171900293 0.2691140573184136 
-4.466855902657274e-05 0.249251615953866 
0.17190347301951 0.1816657806575911 
0.2567701775178035 -0.4636323810216341 
-0.2694281151233503 -0.2783326825856536 
0.06260204833243233 0.1526219203626941 
0.1166104284269832 -0.1285342533407121 
-0.2751988044708956 -0.2663085016108198 
0.1530115983011309 -0.3340724635255267 
0.2441042282098013 -0.3402423014307788 
-0.452361397400835 0.1619935116376667 
-0.3750550866826019 0.4491571480866122 
-0.01581953653676393 0.1210456375228666 
0.4140249867122853 -0.4820554801095794 
0.09354565813536353 0.22187163608323 
-0.003417998555505675 -0.4463056087925151 
-0.05836739582788886 0.01917486453352013 
0.2719441519788878 -0.4346437323229795 
-0.057209663612032 0.477180207592603 
-0.03225863867649681 -0.1709438964453935 
-0.05407013283490214 0.2432739541337583 
-0.2946586909654165 -0.328620662753117 
-0.1274802327411996 0.4397254036178118 
0.4648512503736199 -0.2450425217347615 
-0.4296647914961584 -0.3761512263455905 
0.02633784061888034 -0.3399168377182603 
0.01770721656988117 -0.3948151617262654 
0.341576043834515 -0.1314378596203754 
-0.07610952395583459 -0.172772443082903 
0.2135465449779728 0.07677586057854435 
0.3718842299393231 0.2582457668690438 
0.3365978340959156 0.1997911028562031 
-0.1109397724372705 0.4352416023008913 
0.1056025518156611 -0.1379163736830618 
0.03950467523141266 -0.04492760779795013 
-0.09830782152554751 -0.2595595235559712 
-0.4169142869458667 -0.07842134924458466 
-0.02762005294451497 -0.2102335353477239 
-0.3950308569660698 -0.2836138501610736 
0.3020186496917332 0.02743909231148578 
0.1688203515194546 0.3636427534405541 
-0.256249683682108 0.2115644474621531 
-0.2363370724360804 -0.1171784965481409 
-0.418994480668562 -0.04023723028622311 
-0.2671330187163623 0.2953526119658282 
-0.008656914819643757 -0.4967712191834778 
-0.2338808418567114 0.164688831814275 
-0.07480889938288265 -0.3131752557243921 
0.4634755784305516 -0.3659608581717693 
0.2958556584043947 0.4460445744414298 
-0.3288447669044554 0.1060012975763541 
-0.4361963769758087 -0.1525083316047753 
-0.2075320009212308 0.00965822814931927 
0.3258365172202108 0.3343384571693264 
0.2264431153670355 -0.1705657114931994 
0.3020843558964174 0.1317632739727974 
-0.4546592835845978 -0.4585795611688677 
-0.3466848892594547 0.2670650168015296 
-0.438268619997677 0.0193032161512442 
0.4291497901353517 -0.2794844669098822 
-0.2954370801294568 -0.411007336723625 
0.1996909898702902 0.2064612742573594 
-0.005369085357868175 -0.2382214807329899 
0.2115712721939862 -0.1216338045165258 
-0.2993554703885275 -0.2673923901909891 
-0.06390376022449112 -0.03050150585407529 
0.3611874364886316 0.4772383249152808 
-0.05548079689543767 -0.4657569005766482 
0.02377174051829778 -0.4683612081858899 
0.253173772481432 0.09158820108658472 
0.3228910326239569 -0.1704211292512912 
-0.2679219057484734 0.03652826932866893 
-0.06938159192854687 -0.09641891307795319 
0.4873247407258718 0.466909653010694 
0.3505305837379122 0.3675142269279009 
-0.1883948121111791 -0.3516095912564635 
0.4975985917240369 0.1395232986095578 
-0.03192527408890916 0.4319147248118321 
0.1907726192760958 0.3154067674795229 
0.04153464691856379 0.07280652231798179 
-0.3407838846005349 0.4452502731655261 
0.3213336955023312 -0.3445861203079914 
-0.4589252327186291 -0.1563866233046973 
-0.3899805712420312 -0.4034617258268052 
0.01877327358235914 -0.4775949613913847 
0.06148371990908286 0.3568761179753357 
0.01690810547853638 0.1745247325622707 
0.2371748953472589 0.1984603323028054 
-0.4772004531484101 -0.3080162436776014 
0.1709910083291969 -0.154128262451038 
-0.4337097214848825 -0.3592895151668131 
0.4211174905496813 -0.2783435404098998 
-0.119885403774572 0.08601578612440808 
-0.3326871933719955 -0.4736603125684525 
0.1911264561965377 0.2623438865526988 
0.21369532515639 -0.42267568215977 
0.08980933585186424 0.425503046648114 
0.4296977719568627 -0.06955399696673636 
0.005969611467765312 0.3312559792131707 
0.4192361304715613 0.1016376415282838 
0.2238364575652745 0.01933663479922021 
-0.009182993796824468 -0.3385805844688607 
0.4761155689844075 0.07436028176393383 
-0.2267488885920019 0.03142729590779847 
0.1985581635484083 0.167049291233578 
-0.4025674577826331 0.04873628499799998 
0.1107376670564876 0.1679654388390159 
-0.004874660172382972 0.07158260799160465 
0.08888804175787424 -0.05868678405758626 
-0.3487831096619211 0.002274728847923457 
0.23136381640226 -0.4683434511240045 
-0.4483832888755792 0.02206346441252482 
-0.1793577044078686 -0.4649404924967703 
-0.2548576674935014 -0.3928194818020048 
-0.1170314849512945 0.051829426597645 
0.09716850807626598 0.1111105644247593 
0.4352515045881751 0.2720302941948458 
0.01314849081742442 -0.0133188474116091 
0.150127744441971 0.1969957483904397 
-0.09246225663690105 -0.01315048571038108 
-0.02021714441498473 0.2104500627242495 
0.03419864646550141 -0.2233530350246961 
0.1055381750739535 -0.2198962710983085 
0.2033694588610618 0.03048957328357693 
0.4382540257072579 -0.2645972811287244 
-0.0865057726264985 0.09747623055938281 
0.2830023358417697 0.4202523649858798 
0.1814911157651722 0.3211773320298431 
0.02741299898122718 -0.2697302501366755 
-0.3563158492150864 0.3995211179363738 
-0.2485778832329231 0.1515145368422517 
-0.4951843912668381 0.4359359409994781 
-0.2246469466245239 0.3587659270118605 
-0.2210714325505043 0.4524309411201914 
0.00681995321700346 -0.3770502483258492 
-0.08352457460344265 0.2024713807762334 
-0.06350879144250304 -0.3922611902395833 
0.2661748004762221 -0.4001343924553454 
-0.05873477836952989 -0.1554235100331004 
-0.2029358229627235 0.2576211409248609 
-0.1614904051287941 -0.1692416487906516 
-0.4443938130926283 0.07318291726818582 
-0.01471395931645664 -0.2975180296204221 
-0.3855254150792262 0.4743478679790607 
0.3646094988701953 -0.008159255150853917 
-0.1326051695575986 0.3049123704479191 
-0.3377961812892893 -0.340420198478196 
-0.4422770719437646 -0.3507486105437843 
-0.03189857726162165 -0.1193916994327602 
0.3837046552297703 -0.07586646925273022 
-0.08775204987055812 0.151294599428116 
-0.1916725087833335 -0.4398575345425471 
0.3144164730928992 0.3976568988502556 
0.4194919512788691 0.4012179480876941 
0.2700464569684551 -0.32920375776403 
0.07244192349951895 -0.4685962237125227 
0.3032678182267284 0.02221465019715452 
0.3616217769324982 -0.2228018387433159 
0.3694940720400718 0.08686197277797569 
-0.1108281133797281 0.3118953814840832 
0.02567024903900017 0.4398714848234052 
-0.07996192861344847 0.07986250666888661 
0.2491450461085374 0.3807840835124106 
-0.1619153000991003 -0.3104514114656033 
0.2431260144739654 0.2189194482927391 
0.3791618299476447 -0.4271309505469454 
0.2101135875192598 0.3790598789966292 
-0.140620583333653 -0.4101469013003138 
-0.3389708575224233 -0.08320363944694736 
-0.403571446802068 0.1746928432720647 
0.06261159345750844 0.3130468375171039 
0.3781917871704249 0.2693601006356627 
0.1352053625837019 0.3965239733425192 
0.3784129516020538 -0.01352929883965226 
-0.3869294052821858 -0.1225154624530258 
-0.1173804021602314 0.187577898788804 
-0.3782604377514314 -0.4231782410509682 
-0.3566979447907749 -0.02235921986620798 
0.2085879707788937 -0.2619806646946637 
-0.1090333858589022 0.4758808100371443 
0.1287666569731819 0.1811988276254375 
0.4086905698372895 -0.1375998562552034 
0.3592130829200271 0.2942779127455111 
-0.07112670230784146 -0.4264890443780358 
-0.001369436738425323 -0.01612716495630068 
-0.0492652073030036 -0.0003426689657780035 
0.2407587820112321 0.4328434657611357 
-0.1998782532288491 -0.3538043660612817 
-0.3899815360922194 -0.4196779629398864 
0.4724762411531771 -0.09182254932059214 
-0.2615896256282829 0.463160200010203 
0.333474033822747 -0.3019200640748442 
-0.3705184560925872 -0.3036925613914547 
-0.1608808423959472 0.07567919751226826 
-0.05973191658009952 0.08567459283925094 
-0.06712273421429354 -0.1317973273171087 
-0.1176831001580536 0.1001326517203196 
-0.07052723324906757 -0.3512125782214223 
0.1701966684034063 0.4954006113069138 
0.1980664452519887 -0.09726011296479042 
0.3492782491718216 0.3195271844226188 
0.2933821774026213 -0.125750603271416 
-0.4903921116985307 -0.02022139217725155 
0.1390579223065245 0.1464952045553319 
0.1448979020536858 0.2990347694596599 
-0.1226359448606483 -0.1423282261400746 
-0.1104995353245172 -0.1656932473794494 
0.1935886775083735 -0.3551025449811505 
-0.2084746320810864 0.1668563319061476 
0.3543651279568347 -0.1853011159089404 
-0.3558575444443687 0.1022493956631509 
-0.4944118028454593 0.4208295330599225 
-0.118045068455902 0.01653147257541443 
-0.1555444674152364 -0.2358665435908982 
-0.2090001992965119 0.3336481464408787 
-0.3756092925328848 0.1346194265732723 
-0.4513025497564138 -0.04195413695830308 
-0.1231834428600813 -0.3441270984188906 
0.2558556541389373 0.1659731978233654 
-0.4884693948444626 0.294880759245605 
0.06091442011381909 -0.2113455368311569 
-0.08443978017609544 -0.179388671814826 
0.01459029923620658 0.219155235885787 
0.3420439044405184 -0.2681046582461378 
-0.03499295752029208 -0.1266406826923049 
-0.4499569315928565 -0.4261496727598362 
-0.2975506524532574 0.06618263392353674 
0.3315239221151209 -0.07744751877845035 
0.3395485839243499 -0.2069565539313076 
-0.3188042168680618 -0.1424743194528616 
0.4341101580617113 0.08941923276467179 
-0.1309595370022203 -0.03694128434820221 
0.1278303359894365 0.444452061266128 
-0.09421369162780574 -0.449518364341481 
-0.05514988215188482 0.09592719198756594 
0.2483110714222407 0.3641715374441552 
-0.3689769393475512 -0.3954206396782963 
0.1653081087072455 0.3333778361169415 
0.08128509538367867 0.1585935644419804 
0.4820324224252556 -0.4810839844691418 
0.4214728795191952 -0.3053211325829114 
0.4677231558297976 0.02307245789381906 
-0.2212042722117196 0.2197947560062583 
0.09045856407886232 0.3370818526829424 
0.3346914912897083 0.1598875738306786 
0.2304482080325934 0.1430266873380418 
-0.1504709419333105 0.03487619155540711 
0.1641472858974219 -0.1765711197411373 
0.3691879798371233 -0.05762967984902645 
0.4179673156868362 -0.2233324355663103 
0.4517532721643832 -0.3827621819290912 
-0.08399259958788063 0.3363754710521321 
0.4625354278483758 -0.1670716853505668 
0.02618170764872962 0.03595633435617795 
0.3181073300709085 0.4298900993819257 
0.162893034669471 -0.2567714981332156 
0.4414289718879657 0.09672315334596038 
-0.3739663845617011 -0.2530263147810719 
0.3867255420300416 -0.3038220408408177 
-0.3370419469075668 0.3359970495440039 
0.1024051435314167 0.1232426181652049 
0.3386786252620431 0.1716482156623604 
-0.1084446190935044 0.3712838314206189 
0.1673478676633424 -0.3843934050615815 
-0.499959774780981 0.1760652560517799 
0.1287531714222889 -0.04545282623307112 
0.07434594358722302 -0.4677306245711917 
-0.1486074204078013 0.3550824563531974 
-0.1291627638313573 0.1614253843775255 
0.07643005678097725 -0.4400401934422927 
0.2444683464658152 -0.2205067753982793 
-0.05737630609178573 -0.3235799486968479 
-0.4081991286093361 0.3972447448384433 
0.4924194780107769 0.09415916036270477 
-0.4669964341139388 0.1909315890548113 
-0.01278816304429264 0.06933990173911664 
0.3957240738866143 -0.06549719773744905 
0.1885942264353803 -0.2968416896619291 
-0.01827973780993347 -0.2275571415457475 
0.4471199088237434 -0.2556998117414301 
0.4532621502441001 -0.02304830776811417 
-0.3729123914362047 0.4614361375211143 
0.3571557932134306 -0.2825901701884252 
-0.4929920583898127 0.2824745879345337 
-0.4496067082040074 0.4600548212975775 
0.1413740349387508 0.07340019622202976 
-0.3629065839228282 -0.3709570638564947 
0.3246267543403681 0.001853744966773041 
0.1558877291678337 0.005058990796151575 
0.02645435838629895 -0.3816027216441955 
0.4030563998064551 0.1689044797503431 
-0.2224140709474814 -0.1132925866295514 
-0.1085065092039355 0.3310967458701662 
-0.2569986644731822 -0.3765557025340904 
0.2283065437602871 0.1480752794519767 
-0.2987833226088279 0.3486953390284399 
-0.477443591204885 -0.3944375569880358 
-0.3120211240016121 -0.1390325661180844 
0.2796584286537566 0.2192042821265797 
0.166364072976973 0.08096930904404198 
-0.148827443503614 -0.3428457135733642 
-0.2079092573448171 -0.3308904802714386 
-0.2763032454776608 0.1713515065343599 
-0.09523493106964503 0.3865103450478151 
0.07936228074074003 -0.1581521245261208 
-0.06275958573702684 0.1996390961107231 
0.3342828576772314 0.2919824521913961 
0.3490677828426173 -0.2177804091179561 
-0.2353382541195846 -0.3300390591193354 
0.03353205140077697 -0.4268162827257219 
0.4987356564949599 0.2501708946658028 
-0.3777792229110182 -0.3354004219504078 
-0.07489300852165837 0.2732024498034291 
-0.2864322050348224 -0.06607169151871622 
-0.4669227511313956 0.429321476192513 
-0.3939569055977807 -0.2337132117093664 
-0.0179512831549638 0.2927802422016675 
-0.2424755210452485 -0.2860842228737513 
-0.21753551319012 -0.1193723968410607 
-0.2918766865431114 0.4285276415092196 
0.2640635788106021 0.116563090231794 
0.07585270057977433 -0.1436658624034988 
0.4078477960152996 -0.3020994759184303 
-0.3858933098482837 0.2911404872230631 
0.1981625665893429 -0.4817487969824568 
0.2479689733572016 -0.3854706393419491 
0.3949636839283293 0.1546287794174894 
-0.1541094534603036 -0.1175870142109571 
-0.2849508363613401 -0.1687084079428654 
-0.482214888541228 0.414368148813367 
0.2854699504426401 -0.1065490577430921 
0.2299834328982825 0.3315510087009063 
0.3777967285158083 -0.370390704712263 
-0.156575113215088 0.4420695066843829 
-0.137808528391466 -0.147939509849939 
-0.4193448032432653 0.07189125946899066 
0.2763934198547093 0.3442014221513657 
-0.006704508798853037 0.3173167573449358 
0.1427343000124528 -0.06462472077889808 
-0.1476855381836049 -0.1508430090275062 
-0.2184554577976981 0.4191185910432773 
0.1261524712910433 0.2445800884110667 
-0.3424599024862609 0.2764176808078007 
-0.2480447397083461 0.1120577502176704 
0.354603118593435 -0.1853924884324823 
0.1084444533180859 -0.3740778447818736 
-0.126338234288933 -0.3667066184493775 
-0.2381373217684564 -0.3739690118226865 
-0.2971826901633131 0.2505248382226796 
-0.4290498652765992 -0.04108625887062983 
0.4632435701445151 -0.2653241197255665 
-0.3024820641637613 0.1839460541344676 
-0.4186735147784217 0.3542364829724994 
-0.3474373667011386 -0.379823339991107 
0.3091238292950428 0.4441926297211951 
-0.4544796654530612 -0.4397376258296311 
0.3297222101406401 -0.358820659908299 
0.3011678166698365 -0.2725115001876945 
-0.1007854348055883 0.09919409835636062 
0.1552063861444652 -0.4462731978355657 
0.4863635576203126 0.3123052053268116 
-0.08642042948531026 -0.4681615964213028 
-0.3919513019658172 0.4744670153357713 
0.3671191221728167 0.1710795724495123 
0.3343689072265932 -0.2617827726172123 
0.2169387584709923 0.08970801121528071 
-0.2774601199454256 -0.2722376643421479 
-0.4984263810314484 -0.05218600766005554 
-0.09023424712031541 0.4330054423147863 
-0.4775383174210213 0.01349892934178831 
-0.1234985712203184 0.3595105538698943 
0.2938721648360343 0.1094681863761211 
-0.1681963463017683 0.1240051096528816 
0.1538730525913398 0.1443897854950184 
-0.2408802283377203 -0.4739997000191358 
0.4870415753564253 -0.2922507094147156 
0.1423252412512203 0.0603246824446364 
-0.1230665381281325 -0.3793092694872146 
-0.05089321597562468 -0.3622844171359059 
0.08580011928994224 0.04260032162312444 
-0.01639872651211799 0.3865997264036907 
-0.4184052719906022 -0.137406984472095 
-0.3991908602408979 -0.2007888576023177 
0.3416679365017152 0.4130021975496805 
0.3279270723722196 0.4702988806835365 
0.3132800546598435 0.2978723033311519 
0.33979584261756 -0.05127969901196633 
0.1420951943305276 0.1939260882268903 
0.3157593988028908 -0.03179070403034867 
-0.3063663023583277 -0.09844525167573731 
0.4306519436004124 -0.03279119127689972 
-0.1215554472259762 0.01759551141187132 
-0.2722437514665013 0.3992673204273612 
0.4858473851213673 -0.3630059807216804 
-0.04151906123526306 0.1891342310133709 
-0.2209847515644364 -0.09072172696769398 
0.2399316511488815 -0.4687449317134404 
-0.1960675522648427 -0.3073532938094374 
0.3131894374389103 -0.2251313284273551 
0.2177609705531606 -0.09137353030161327 
0.2850730230892757 0.2222929175219432 
0.0770591386380225 0.1329385732607344 
0.2985958399238026 -0.4997246507552682 
0.1277947543447788 -0.1535686404943174 
-0.0281434990727748 -0.007792608819708779 
0.02961971520410822 -0.1814507094039123 
0.3579245557616694 -0.3619980279933643 
-0.1008575643420755 -0.1130870209197393 
0.3464363742120903 -0.4438652418962356 
-0.04312098915048035 0.2655317725292703 
-0.2075050917523961 0.4619206287543481 
0.499999946448952 0.4990921416311451 
0.2416165757380581 -0.1502173744609741 
0.2965846972508214 -0.3009995397189628 
0.1007343862212583 0.04282451937238174 
-0.2483071566077947 -0.2983830769531272 
0.07562407113204161 0.01375901141554026 
0.2477008404654458 0.1080198512487298 
0.4896351792753071 0.2984503352068834 
0.05477757337948086 -0.3533285528918063 
-0.3929896004432716 0.02378451267609794 
-0.2536995520384047 0.0716269631605847 
-0.1656346336618388 0.1787094289238652 
-0.4306333883950798 0.3446407013988502 
0.3762618004123325 -0.1679273277222433 
-0.3545996265994381 0.2440746056326428 
0.1618910447339444 -0.09721633661279111 
0.08502739675811255 0.05545273521491578 
-0.005883589858080795 0.1145013883844962 
0.4248297693439105 0.1139261253307817 
-0.243616370245457 -0.4603367219309665 
0.1207141961163973 -0.156510729488461 
-0.4758332008270856 -0.3286064898861633 
0.1107231421496003 -0.07615467121466496 
0.06843757822032792 0.2303727005891247 
-0.1260269145723683 -0.134356144475151 
-0.1237230553512676 -0.4133942335968783 
0.08311525972850176 -0.08183430655098922 
-0.3891934751432328 -0.1747375993754133 
0.1851647521230996 0.0639835708439197 
0.3718707602209139 0.03186020956547952 
0.4745380049334261 -0.4397587109727401 
-0.02465579009117169 -0.3898677824902048 
0.492178825654256 0.04951500617853832 
0.1987045423115646 -0.3727628377943885 
-0.02501580587124064 -0.4406529953150572 
-0.05489272443101995 0.4179770047012502 
-0.06048917030961176 0.3585111669809662 
0.4971767305370204 0.04930233168350751 
-0.3757156942744885 0.3463253563701412 
-0.3097421106041801 0.1643455868254841 
0.1562725768017327 0.4731931709434773 
-0.04238356933219689 -0.3406533476343875 
-0.3608149381920834 -0.2166672835281745 
0.4729635249571535 0.09795634038556023 
0.3522081806810649 -0.4371139630089644 
0.4256232165970124 0.4493941021611859 
-0.03333240703989976 -0.2177687717767142 
-0.03974945986620099 -0.06917557313030176 
0.3661390276310398 -0.3013693837461708 
-0.1152341762699505 0.2591964199759033 
0.314224593633995 0.1727388344451215 
0.2215852543912691 0.1833649069847212 
-0.1860136559102811 -0.3315173413898026 
0.1880419433005545 0.4209356679776084 
-0.33423550784051 -0.4961815727839075 
-0.3236938089352975 -0.3218481552990602 
-0.3019475054945308 0.1682736037003562 
0.1744521620445439 0.01748220437903159 
-0.1765950514716981 -0.03303261569983568 
-0.1791757216483129 -0.4063562540396641 
0.3704376228809707 -0.0548790516842893 
-0.3522251414621483 0.1520462894365623 
0.4419814575854516 0.3823502668015196 
0.1609272278481416 -0.2960867288485977 
-0.3296533542030057 -0.4839254231042465 
-0.3345862388001627 -0.3909168088724062 
-0.1388075720880251 0.06113308999792966 
0.4638392040169231 -0.2545056308195979 
-0.4761391062998577 -0.4699597684386743 
0.3861716165078539 0.3863517124078718 
0.4132235026110183 0.04740123641435168 
-0.3274238680744766 -0.01295207814588406 
0.3144187906891283 0.4366087386725552 
0.08306353966059488 0.04890651260400802 
-0.02824696016334644 0.2533368428734474 
-0.167687721706636 -0.3275413241493901 
0.01296367171496493 -0.119573501050075 
0.3281648744159982 0.4670378286084512 
-0.4952221461527256 -0.1986104261117153 
-0.04543401817365922 0.3904529981226222 
0.3435324782911059 -0.2496439630628042 
0.2339108444134805 0.3395563139017265 
-0.07703882416434477 0.2084789599370946 
-0.09412588187877635 0.02630008712997667 
0.0255602747439968 -0.4084664908316605 
-0.09631212390615801 0.2821303501558773 
-0.2352110512882574 -0.1921410739348652 
-0.3150320326118097 0.256626446039068 
0.1206726572668857 0.1453458272342997 
-0.1726867236873942 -0.3457675756381523 
-0.3156449574191542 -0.0448007863432176 
0.03318036723246831 -0.337572096695725 
0.4257695641608625 -0.0909423936074063 
-0.468812561099243 -0.3327146389826338 
0.06506130990112324 0.4854310862584329 
-0.3597409668003591 -0.1664301111981553 
-0.1908815178935244 -0.1456736555748374 
-0.3371320193047933 -0.1778497301767112 
-0.1204176010754123 0.1413757550915478 
0.1023108042798105 -0.462317183113021 
-0.1648968753077992 -0.4217859207855407 
0.04402874553951319 -0.00887797494314424 
-0.212128712993235 -0.2472815301709637 
-0.06067956104937899 0.1586140051098671 
-0.1744212728686829 -0.4983356520518061 
0.4726959527215883 -0.3991302208966857 
-0.1816233998924712 0.4555155159491259 
-0.1507309210959178 -0.3345935925232187 
0.4854891681908529 -0.3835579290832932 
-0.4581150142085878 0.4609558689044377 
0.2852811564554285 -0.279609599411124 
-0.3985390275703175 -0.2454371682791385 
-0.06248925958060592 -0.256989195250896 
-0.217406483569561 0.04922843496243323 
0.382302115561722 0.3516493410353076 
0.1704681154065468 0.05761039076150432 
0.2578331648910727 0.4019963935967501 
0.3533801216197946 0.2596973853741749 
-0.2660499618072528 0.4982900749876071 
-0.2387174961517728 -0.1249598675639926 
-0.2004970830869834 0.2455222133971027 
0.491834730833615 0.2663133584580508 
-0.07139039279091208 0.1416650089823315 
-0.03619905564580023 -0.397531868794497 
-0.3181196309794855 0.3633607047268755 
0.003357587850985611 0.4309750724872342 
0.3980360072087832 -0.2088338702068048 
0.1291411557506222 0.4753997772702945 
0.0440489482544818 0.3306690555351498 
-0.4451901218343434 -0.3103780986837839 
0.4752939380475264 0.2652091321211393 
0.3698775715845428 -0.4676611865569476 
0.01843728452775373 -0.1245629993496118 
0.4696669932172326 -0.3068525868531806 
-0.2714287529433414 0.09694749265624913 
0.3965044020642567 0.04947847784448278 
-0.4152271681607023 0.2769840599754677 
0.2710899270801711 0.2083984019312993 
-0.4480642848164442 0.3835646839659332 
-0.4283634996305811 0.4946611486325609 
-0.2300827170071031 -0.0002268506216135391 
0.1873176914521658 0.2484348576966998 
0.4446474513454804 0.1897073706516134 
0.4117731441853317 -0.3287728129222736 
0.3153318756402766 -0.2171724948260677 
-0.01812275500793264 0.4108528107505783 
0.2031831566274009 -0.1006920664577671 
-0.3315640807445758 0.4024936080933489 
-0.2899358382354824 0.04836513246257335 
-0.1272229930639481 -0.2368473431438649 
0.3067017219091782 -0.264166185878372 
0.1589120967862309 -0.1643944705504873 
0.02213083163102236 -0.04711686358518608 
0.1068701796297638 0.1671042881599667 
-0.4782341164334064 0.3192049337729858 
-0.1226844886529115 0.0417962577583233 
0.469699904294405 0.2462838871835581 
0.2932860537369606 0.2586989488999349 
-0.04677177644034081 -0.09325017975014649 
-0.2557742439729853 0.2022796349621189 
-0.2861806878691359 0.1611773103114006 
-0.09295077071799968 -0.2236066430095645 
-0.1568512247473479 -0.1985370141440416 
0.1884009220529356 0.4542915564536039 
0.2781818474439735 0.4023039009443521 
-0.4783438900283947 0.4742401237359644 
-0.446247994384028 -0.09004203285094542 
-0.3364493342455936 0.2960380546711739 
-0.4884213716615191 0.1020063945110947 
0.4214678368731102 -0.390072885332697 
0.04501535328572182 -0.4269615923305616 
0.05651712888527394 -0.1166191805308863 
-0.01857018286229128 -0.1090671341950699 
-0.09132747593459439 0.05910876911050522 
0.4410780649083462 0.1990295496760212 
0.08963593429851902 -0.4888568594947987 
-0.2172376161601745 -0.1126170168748284 
0.2457943533042393 0.06569014775165372 
0.05430883500195005 -0.2314144603269309 
-0.3828368167233065 -0.3383795854992975 
-0.1456947514281559 0.3083099744360056 
-0.234265980063254 -0.3083290027532065 
-0.08555077303717917 0.1481543207989581 
0.0296645956390208 -0.4271452402948823 
-0.03005420605657083 -0.1210448705787257 
-0.4011427824396107 -0.006745236000740173 
-0.3671853247724337 -0.2837544896488585 
-0.06170922057862321 -0.1468736949813307 
0.4938056855404802 0.3921491013766724 
-0.1500601443928295 -0.06084954883982385 
0.3016292125001822 0.4821682171730028 
-0.1987816600117662 0.07663782506868044 
0.05192141658805438 -0.3567557240433579 
0.006544882437721666 -0.00016483338565082 
0.2296413758114365 -0.4174024475900479 
-0.2829372922730979 -0.3270729326895186 
-0.1147810659508976 -0.1253784514268659 
-0.2356360631395467 -0.3353152552948475 
0.3565029710126137 -0.2545728941956282 
0.3933653336887857 0.291156315981556 
0.4641965105796201 -0.249254234367287 
-0.2159189732893547 0.04981370274891495 
0.2188977983024882 0.01529044379972899 
-0.01351509058244071 -0.1481312263273925 
0.3584763620593365 -0.08778958729262426 
-0.4795968532372237 0.4156874827255378 
0.4595150020527793 0.06863199180795998 
0.497881866523886 -0.09947714265387242 
0.08766028200058296 0.3063549849263905 
-0.0917746527975189 -0.4565927628023482 
0.04543524146586209 -0.369900951972139 
0.07469918632386174 0.4692200477879681 
0.181335587223373 -0.2927908690579151 
0.06386212218912513 0.3306832200202003 
-0.2071276215902787 -0.1939383597988061 
0.4779844665694837 0.4849219797038677 
0.08370517481463513 -0.1671314585647839 
0.02157329676819342 -0.4176052989602138 
0.3077397312109729 0.1816561414689348 
0.09476433377225357 -0.2958469444847172 
-0.2995975523252017 -0.3360634980127807 
-0.2192123837016638 -0.3025350713194674 
0.2930547886463393 0.3718265726899975 
0.2892003779198978 -0.4092544768091799 
-0.3399924420192767 -0.2529742701472475 
0.2614397022514042 0.01706978028367256 
-0.1082068189123709 0.3679914738684813 
-0.1673054855012386 0.0967025771706389 
0.2802098372766839 0.4867290034766579 
0.4543537101283238 0.3227986579973238 
0.2770385218570368 0.1864307701461304 
0.3419484741445151 0.1279983577579245 
0.2683939228471312 -0.1033447218158699 
0.08525733657670886 -0.07994873549784415 
0.3015992006301872 -0.02224128183186175 
0.1907725131053222 0.3136223552875429 
0.05091895028103044 -0.2052069382790541 
0.08698603705222352 -0.02567985702835013 
0.3986392127337299 -0.07075861708331727 
-0.2400806785934425 -0.0359671539961986 
-0.4999608458019428 0.1580646067467188 
-0.4081595581100877 0.06230612524068557 
0.1790425197026158 0.1676233277354606 
0.245264025167808 0.1524651629407565 
0.4819884393196445 -0.2203080400082358 
0.2827693929735287 -0.4948184201445602 
-0.413187410135928 -0.4408028339415815 
0.4267694809723361 -0.2853405510870186 
0.2813562008378619 -0.2463386331185127 
-0.2134088079569944 0.2381624241714947 
-0.2041427266822595 -0.02680966400244245 
0.4099734080116948 0.4230613311967453 
0.3917861998936033 -0.249345367540927 
0.252405778274318 0.1839095681755892 
-0.03189302518208792 -0.02607789870917604 
-0.2912473141134226 0.006390062166741206 
0.3977708736413819 0.3350662648073084 
0.4587060813407471 0.4731015912006624 
0.4184356941081916 -0.3512963115715387 
-0.2371097465391361 -0.1035121405529903 
0.2714506231913815 0.270617940249497 
0.2757157425169979 -0.04552158764146419 
-0.08132704680909125 0.1363210032100984 
0.1470959723434373 0.2420021120850017 
0.3294920058264322 -0.2278645669369628 
0.2802213609965717 -0.3195918368358089 
-0.3800031113252073 0.2877070184682561 
0.4918532315565769 -0.4227449911858374 
-0.07506746479782039 0.3411158177453241 
0.1335422630734204 0.444810517080883 
-0.06964681583423804 0.4459629062991244 
0.298558766300379 -0.1228210391689288 
-0.253208264013015 0.3287048021598764 
-0.4583965846881238 -0.2713991787949569 
-0.4059997959118334 0.3614293745359679 
-0.4565089158308775 0.4546512905085937 
0.3242321068646685 0.3690136241437995 
0.01197418385369164 0.2501040224452541 
0.498299367258604 -0.08254229750720998 
-0.2883974707577354 -0.09629268115041095 
-0.3910952544688203 -0.1379427096228513 
-0.403123464810777 -0.296073832824895 
-0.1129098838315438 0.3235794141176896 
0.3992066307917299 0.4658366795311092 
0.3170653207386521 -0.08316073993515294 
0.3174406479275232 0.2249633206287057 
-0.04147586695987349 -0.08489958297917582 
0.09270562053910048 0.1033597622098027 
0.1675187383475888 0.4874301841365455 
0.2390970552704269 -0.4957978543786312 
0.1254614257490835 -0.369822330185978 
0.3960955458656843 0.1778323516974527 
-0.1716703257259636 -0.2631670457899263 
-0.04854044462418228 0.1807436683967185 
-0.2411705839831108 -0.3540070297699487 
0.2038495142048686 0.09877973291909292 
0.1909664852460534 -0.4262878773047476 
0.3796455626186408 -0.2970359528409652 
-0.2832609864727231 0.2325986570050927 
0.2856225513719233 0.4582147597877446 
0.2154602536144297 0.2404768986073107 
-0.304770902083042 -0.2845528375213526 
-0.4795419075335766 0.3391599234558269 
0.2608269548610104 -0.2813756054093834 
-0.07980182634648103 -0.2292986938071425 
0.176851065062779 0.3358452132305552 
-0.449507775669459 0.122813928521065 
0.1336917794623336 -0.04226753585251752 
-0.3904786555939155 0.225234576245057 
-0.4824827252724047 -0.08716379021030274 
0.03817470468410733 -0.3977425861151354 
0.1403543629128061 -0.06422753591484159 
-0.4721995312461625 -0.2575218717172014 
-0.1700998485741204 0.1318424331320844 
-0.1242312939131924 0.04464026032447843 
0.2688510113105653 -0.4210589206042317 
0.2627207872110613 -0.4517353130054989 
-0.3154060610713494 -0.0296698706500883 
0.3384803033792231 -0.1615476674973477 
-0.1316502766047141 0.3537982221262513 
0.2867125941316715 -0.2214365859715609 
0.3152973962158871 0.203331819924835 
0.3978919725845493 0.3703762016914564 
-0.08718498338683039 -0.3180190132167368 
0.05444344231341358 0.03093062250961609 
-0.1490316359782886 0.2252913664330648 
0.4719899645745661 -0.264673002310724 
-0.3591516780286578 -0.2622537298707792 
0.3015602014973389 0.322300292851683 
-0.09898447720239356 0.3678885212800359 
0.1023703614271901 -0.4613402075705493 
0.2551310595638407 -0.01228782023516278 
0.4786014910588055 -0.1447474333874392 
0.2298842773119772 -0.3349569298652531 
0.3788784634125218 -0.18967230402834 
0.1775837672665564 -0.3496288539372653 
-0.2121493003444274 0.4067068588051077 
-0.4778311587663658 0.09171444046470745 
0.4445962598031352 0.3293311189201951 
0.06810920133079323 -0.2886576794913576 
-0.4696208652757303 0.08211707331437346 
0.1416466391101914 -0.3449414967046506 
-0.4317363285755146 -0.1924749027867568 
0.07430645644134515 -0.1313910848753444 
-0.2899663846846356 -0.4650290384562957 
