500
-0.06815237232311849 -0.4369250144222053 
-0.3987178876052777 -0.2515377744580971 
0.4046227386264343 0.4943610150314505 
-0.2744281485438609 -0.3138943419921159 
0.3777926823848791 -0.4383940272390787 
-0.08841628915482785 -0.01257504617103844 
-0.3488048113405749 -0.3624653842881931 
0.04428519219559168 0.3012209719058322 
-0.3791314492739098 -0.06226889236110161 
0.4467226615610743 0.06776544783987615 
-0.06612259854201469 -0.3225170912430781 
0.4552460889846516 0.3210100893126895 
0.2165646531773402 -0.1978796564022821 
0.2366124826824408 -0.2540093211028812 
-0.1346617011676186 -0.2592143833257392 
0.3838575602358744 0.4940079674068912 
-0.2080995717161331 0.4704958828822672 
-0.3757039931376502 -0.457013637253096 
-0.02820164899174277 0.01488170355081719 
0.1167875492170337 -0.1516651363593202 
-0.03594951707492539 -0.2035371099631648 
0.1517905291652218 0.1434185790302405 
0.4360527260564758 -0.2618404945934568 
0.2468055041942797 0.06010314874360634 
0.153616550521568 -0.1666404992962633 
0.2731257190677577 0.4239543214663438 
0.4002736540513799 0.3992965960868603 
-0.02211660614434313 0.2861967922991112 
0.1094820183790122 0.06427812628846441 
0.3224641143553556 -0.3456364663742822 
-0.1120915604867894 0.0771398628848976 
0.4896709900253182 -0.09967838982090205 
-0.2947008528697312 -0.03723578810434397 
0.1781057088431955 0.4226432209114015 
0.3646066373815822 -0.05625229427241935 
-0.4323133094537196 0.1102074818780715 
0.2571431493918813 -0.1950940961903838 
0.05352294217191911 -0.4399152486025498 
0.3444162670936587 -0.3958055655432917 
-0.304140901476276 0.3038673557377116 
0.09864159263543937 -0.1307572611894061 
0.3627083002242337 0.03839511707275656 
0.3067284285153528 0.1846917440972214 
0.1141376836357058 0.3120440592170172 
-0.4755030949371896 0.2194831992680982 
-0.1458755318502667 0.2699334214161462 
-0.2289922844888571 0.3266724751579319 
0.3842835099289972 -0.3470555440029647 
0.03747074542331574 -0.2291858766499775 
0.0729690246032263 0.3903920225709603 
0.3187163819733229 -0.3337745818624036 
0.2506013379903522 -0.1433182704665869 
0.2498254769014432 -0.1832155857078876 
-0.3043514716479475 -0.235185518148528 
0.2369944054977916 0.1649674337031016 
-0.3923469562012208 -0.1752937162996211 
-0.16149238884588 -0.20258198185133 
0.2046286973214044 0.1945103664831355 
0.1357240468596332 0.1140505947303498 
-0.1516591726352081 0.06428279407721271 
0.4009156398483698 0.1891518809731602 
0.07565812261370763 -0.4139377366881238 
-0.05154119064243623 -0.2527946371145496 
0.2805320814070591 -0.09731390010315355 
0.4452778151680509 -0.215767868529789 
-0.4105686046281537 -0.4265386852682929 
0.1643161211761797 -0.3389565910575507 
0.1565728356657297 -0.4803561046536603 
-0.3450510677369787 -0.2732966679831004 
-0.297100566138607 -0.3692166794736094 
-0.4247329364761085 -0.4864639430180788 
0.0005095894453205352 -0.4353341096409914 
0.33961875814909 -0.02753835919083875 
0.1627933822225718 0.0683698277625906 
0.09169075786293557 0.0465627718219187 
-0.4194982665772534 0.4926330065286094 
-0.3170670422884329 0.05421882686598112 
0.255818799376319 -0.4534447975023135 
-0.04671198553099482 -0.08834436683761365 
0.1962233387829954 -0.07435052290032668 
0.3907582833345591 0.4744610329852077 
0.2665737562501559 0.3051152972552137 
0.07279466751291852 0.4599724071658891 
-0.2437602758815142 0.1210412542531651 
0.340355372839007 0.3527447286553166 
-0.4193521639512406 -0.05182015947235763 
0.0585762407244893 0.4908734853294431 
0.1106601772929171 -0.1344050170242833 
0.05487601184740287 0.3011267770092252 
0.0377349243850772 0.210869931812277 
0.09093840568413813 0.4017797088267092 
-0.2884408070598178 0.1753540902168994 
0.1761889901721747 0.2083525319661503 
-0.219000788609498 0.2537436413147893 
-0.3306263213331125 0.1634160291062817 
-0.4668040028464087 0.4251239010366834 
0.05739748343582962 -0.3205002563265155 
0.3521905158201144 0.2659927194621347 
-0.4603699948269594 -0.4385033668377468 
0.07391307696133209 0.2570799978050217 
-0.2564828160744932 0.2933083305073049 
-0.3668953723897183 -0.4105247956798643 
0.3097583086320742 0.1078868420868058 
0.2541501957496164 -0.4976659384534377 
-0.2714276050882671 0.1162394928897168 
-0.3628478253845571 -0.3834023116001881 
0.1573480234084167 -0.4517757193667588 
0.005484225699197709 0.1733773706232918 
-0.04653720422325397 -0.1507949290338856 
-0.4103750054821139 -0.1727178391746411 
0.1312744306691684 0.3293513165128895 
0.4075701417471935 0.0313652423502554 
0.155624022386618 -0.4270608792333499 
0.38780215465259 -0.2091937020506651 
0.08144735878468246 -0.1142454562841407 
-0.1233867864342283 0.2382774527541152 
-0.2708573395114926 -0.2993069629178448 
-0.4521273308919066 0.0959493253342335 
-0.379693771600438 0.4867797703359088 
0.3075923130918222 -0.2960001861639323 
0.1248695465036385 -0.3175368037238129 
0.1589383861598916 0.2774510325653954 
0.1194982422697342 0.4069529794221306 
-0.3412819503259677 0.07425962954224985 
0.08158922249599287 0.2700579387788269 
-0.1362289708445119 0.3996841697019378 
0.4918331396689947 0.2395706546861405 
0.4639875222593429 0.2382790685987837 
-0.2436998381686395 0.1368178940721023 
0.4983406863159879 -0.3880929005221397 
0.3226200489537977 0.275156328710873 
-0.4475894229929795 0.364567347210429 
0.2833977996217066 0.06681211112701535 
-0.08885272414316675 -0.3477378919233921 
-0.4307507480781066 0.3721765096971547 
0.1705916544148621 0.1339305025841393 
-0.03004802952525021 -0.01723590867336461 
0.3160791488514088 0.342248359082498 
0.1681645081082028 0.3408825456545526 
0.2129382353396511 -0.1470842260374541 
-0.04458977332766145 -0.4203238821777737 
-0.3834883853639368 -0.2892937234503159 
-0.1596116783652564 0.4065190515541649 
0.3656923764997091 0.1917650557046431 
-0.004714185842046692 -0.2313253234432315 
0.1152867871479009 -0.3749732206342492 
-0.1749201781814175 0.1165627610092635 
0.07031945751078372 -0.1408820796207358 
0.1948850040276395 0.4322572545448852 
-0.05233016009659519 0.4869957533543889 
-0.06238109717367318 -0.439103622864097 
-0.01458995324986984 -0.2133480694269278 
0.2589948985343752 -0.07274627273226741 
0.35339084533359 0.4399308431334149 
-0.08232681274630765 0.3332549043309455 
0.01517056908008696 -0.02824950267397752 
0.210604866697085 -0.3640109834857387 
0.06739949115309818 -0.2167566304251148 
-0.02868977145169838 -0.1889924771981244 
-0.3965667028879437 -0.09657624698856498 
-0.1569862939948088 -0.4686458552895541 
0.4691099035265948 0.3301409872529478 
-0.3204337366115616 0.4701873645840094 
0.439028970840414 -0.2400944342278823 
-0.2671581020272878 -0.126222594758703 
-0.4231530348054627 0.06694342341920678 
0.1181129697878965 0.1246783878884077 
0.4696603519559469 -0.4184722652830857 
-0.2633632507765323 -0.346157653113974 
0.1283229097056416 -0.2768614946649051 
-0.2111425792902173 0.326667608997475 
0.3024979511299152 0.08305836011009138 
-0.03814619270912017 -0.1230644766456117 
-0.3446619327596034 0.2668948939693113 
-0.2975230596936522 -0.4700658558589088 
-0.3968396549083661 0.3159191480986021 
-0.3468842924077848 -0.08430369578702718 
0.1077816543241792 0.4862594702153089 
-0.4370918101045227 -0.2020529189166174 
0.09658943684454024 0.3786603774676661 
0.1449572226451311 0.2960359494164921 
0.4761956133658025 0.4196661994044354 
0.3298061930852069 0.05268068895924904 
0.4043350130359968 -0.3414429815872041 
0.3678072233384543 -0.264004142269496 
-0.1176209702320592 0.1443503174412533 
0.09578019249791292 -0.2223093502431264 
-0.3532517094661032 -0.1014821451171135 
0.38958389813973 -0.2634309276597863 
-0.4836030294965981 0.08388312261913267 
-0.1763627097721795 -0.1280656737536803 
-0.3997816889544779 -0.1308470420826665 
-0.1462391723377995 0.1582277502475565 
0.333793259536655 0.06330650724778553 
-0.007537094883189599 0.3240424444191553 
0.1813569038001419 0.06547683669764259 
0.4691899520989414 -0.3244826582488443 
0.4199614384397505 0.2918886572978354 
-0.2273429927670797 0.04631843003101499 
0.4738492560329375 -0.01556147589866208 
0.4582707802376438 0.1569959546038844 
-0.3689961143480578 0.2823051272726665 
-0.2977320508078971 0.01742048889158343 
-0.2138472485484995 -0.1307085939969016 
0.1806578041805493 0.3157095357921995 
0.1301616757457719 -0.3727206726304448 
-0.3163458959351722 0.1745255805314757 
0.2514267137753095 -0.271227459210183 
0.4800912644528702 -0.1061260109824371 
0.3401303359681092 -0.4294499591267202 
0.2345364054055292 -0.1466400978589804 
0.4198725190198724 -0.2025800321275182 
0.2373977054258787 -0.05677067819682013 
-0.14479192266687 0.4821529583839261 
-0.4552361280240455 -0.1536040503099598 
0.3767237298905139 -0.4042785916517289 
0.2897093606085603 0.1452175678175106 
-0.3283427407297704 -0.4564447886836201 
-0.4675637464668264 -0.3438871217368982 
0.2891437465223892 -0.3610583742717824 
-0.3080974731669738 -0.194233019085818 
-0.4743541683762839 -0.4705081009031349 
0.1703478905096165 0.03699054898413878 
-0.2998474261722038 0.4643067577521379 
-0.3963300067897234 -0.1184249260634416 
-0.3677353345488527 0.4722312027329869 
-0.2101832755936154 0.4496848303356067 
-0.1470639818786308 0.2956538040150458 
0.05347785405207228 -0.197711278402909 
0.06654151674969266 0.3632675785229239 
0.4381854789687185 -0.4166623152947634 
0.1564661889862886 -0.2727668450891663 
-0.3923671919781409 0.4846035814700681 
-0.2676139383275192 0.2125367109780542 
0.1044958318625538 0.261441383288653 
0.04532297332335544 -0.2567916221514266 
0.1032045978151305 -0.4403292419764486 
0.3864296352364399 -0.2771275185766886 
0.3177935376929059 0.1559816046207972 
-0.4171762721773016 -0.4816071321085162 
-0.3710694917208231 0.4350516395038475 
-0.0871021767026765 0.07371292689229636 
-0.1068422110814994 0.3029552766149447 
-0.2306722167233678 0.09205142277483958 
0.1082579433994907 0.4912499552511144 
0.4379901480283497 0.3004105717878888 
0.0004737749700189919 -0.03726799556731059 
-0.3632051212370443 -0.3884737015594483 
-0.07750298229744934 0.407373220573527 
-0.2782889220661381 -0.2019149006362212 
0.4162626745330753 0.1267637066792359 
-0.4823867473587271 -0.4740629959609946 
0.4232266810007642 0.1708203546431105 
-0.02230476310691309 0.1238427237829591 
0.4246537382012734 0.1553707124249737 
0.3155585977393748 -0.4066541771466417 
0.3632439662360064 0.04133377274622563 
-0.3032856907726132 -0.3226063547866478 
-0.04500628732611078 -0.4206746508559908 
-0.2788575573627442 0.2410316739613485 
0.01933846903903269 0.02164507473040844 
-0.2112330884777318 -0.1945203050919997 
-0.302770071944939 0.3433992782080539 
-0.4883377579863535 -0.4926985679126331 
0.2151690355643342 0.3459751329812921 
-0.1959466041959325 -0.2745791005665242 
0.1490550145032397 0.1676236765157652 
0.2511259757458474 -0.3257315180504057 
0.4303747633754972 0.3086407709015913 
0.3254302147081404 -0.4943878604046887 
-0.1767698653757291 0.02887010064802142 
0.2197774524984671 -0.2003614913675575 
-0.4755877596098816 -0.2034759542005844 
0.179635430387813 0.1326732091909957 
-0.1613780783129652 -0.2813648560842172 
0.1008620817222279 0.18900280323718 
-0.4298913850727411 -0.1845094661084092 
-0.05059935296941487 -0.4233288740956493 
0.1116124746497836 -0.1291433476183036 
0.4877536771704942 -0.3239555259458307 
0.2794740509981979 0.1203690265495042 
0.04222436253188588 -0.3351431701659627 
0.2487377307831661 -0.4649645872087819 
0.3401825081931265 0.447408626738385 
-0.4032178226888345 0.1180533115920176 
0.1220030902158498 -0.4940676102359478 
0.2056747183256548 -0.2250146234640988 
0.1792212870709796 0.1721664864310682 
-0.39786781361128 0.03565583614227907 
0.2676338514011668 0.1221344919150085 
-0.2855992534063749 -0.06665367872142575 
-0.2483816624138334 0.4493978418869877 
0.02952116451181575 0.1622078061683176 
0.226593088569672 0.350033904286133 
0.01982268460078418 0.1598560173621922 
-0.2999213578178747 0.221737589427957 
-0.2563401327993163 -0.3086138649923856 
0.1267695754084452 -0.3837510155362552 
0.2966809727220618 0.3171023049551084 
-0.4615670144200018 0.443188342678536 
-0.3335319835073612 0.3279518893248885 
-0.1126025962760696 0.4881613566429925 
-0.4720866349265786 -0.3600734294020324 
0.245870945272847 0.3529713636757539 
0.3897026231416526 -0.2680198212787693 
0.3908619525757264 0.2168299683526438 
0.2612724930618634 0.2067849330667266 
0.4343645213491885 0.3645030035306728 
0.2019735744241379 -0.4301401473862493 
-0.3654576673782036 -0.2470166783286414 
0.3906853509980117 0.248687253099575 
-0.3133430148599139 -0.3560522113517413 
-0.1695173151507204 -0.07751832443989659 
0.1495178324631581 -0.05379487485978274 
-0.1304652603626859 0.2703661925814731 
0.04459268790166149 0.4693013014917274 
-0.4530334146255939 -0.1325999797625467 
0.3921372558848348 -0.3491473257068054 
-0.1191043347298208 0.2134432152038842 
0.3401123484038863 0.2682330494450713 
0.1928560111605152 0.3309741526199264 
-0.317423420322522 0.06457321072423194 
0.2819482239726449 -0.2962058114783893 
-0.3310751121780603 -0.3794116986723726 
0.2275794700044947 -0.07185332856313636 
0.3611034889343228 0.06633178011172614 
-0.1617760943824202 0.02917906784376045 
0.4125891089556637 0.3851470759931459 
0.1668992896256031 0.07635551837864851 
0.3071928795494073 -0.009279730272739872 
0.03556946575229003 -0.1839932926781413 
-0.375272514648058 -0.2051546659368599 
-0.03447270815677261 -0.3828096342112959 
0.1184768938631535 0.241150317938207 
0.01338778716827538 0.008534919478497383 
0.4463876955643181 0.4379919431526139 
0.3305812252970237 0.07864706691228507 
-0.1787509337801029 -0.2669465562952185 
0.4292265227336683 0.01016031253166527 
-0.2356312728818797 -0.2548053946856459 
0.4857295998239234 -0.342623473929822 
-0.4727275701917034 -0.1322724252308462 
-0.1026537326189259 -0.301287235972739 
0.2654234513318384 -0.02805945605790194 
0.4047183416827753 0.1011615820239872 
0.2227043725761626 -0.007615768357753516 
0.001777357889132025 -0.1279498842805157 
-0.4537080144078545 -0.4705985150957466 
-0.3492434442501919 0.2654313075034239 
0.1039792197793529 -0.4212578953441772 
-0.08144766565547107 0.1090800530361757 
0.308446612496345 0.06220989912954145 
-0.43822972982957 -0.327069728939859 
-0.06093564542097563 -0.1453960264524408 
0.3289806389519765 0.1775923782750893 
-0.204903633524574 0.1846290432704883 
0.06032488919824819 -0.1195916301753294 
0.02346866626615507 0.4378698388467261 
0.2783741571739076 -0.3655464699170985 
0.2604790513966969 -0.1285891273325208 
-0.1974659843346718 0.1891989197481414 
-0.1337611867429327 -0.1242684546152767 
0.4200803408586237 0.290281610368082 
-0.2369807285601094 0.06489303201892693 
-0.3428152788829201 0.3036065849509152 
-0.2841330191904055 -0.4236552225646146 
-0.3733262409207656 -0.4941321466994771 
0.121010376253175 -0.1786111729951679 
0.08201295517572482 0.3917330837731557 
-0.1420680034366139 0.2630634398786942 
0.3072280695729219 -0.4178410055281976 
0.3462194449698733 -0.08979501397329848 
-0.1848030594967334 0.0149765717936462 
-0.2887618944875541 -0.2211623054194845 
-0.07486936736374106 -0.3294606095454289 
-0.2444659646083284 0.2605308282752808 
-0.2583751294374235 0.4891976546395548 
-0.05502621462105423 0.1744073817268083 
0.2648594046615618 0.4920081612579601 
0.1811584990296127 -0.269112140190892 
0.03225800491148423 0.1602843819747534 
-0.100397317763788 -0.37772278336596 
-0.38682098862419 -0.3003566924485906 
-0.09493154575576218 0.4855073131485911 
-0.07859562437850576 0.04333777264071426 
0.3779405205305112 0.04632168546907756 
-0.4714365969146012 -0.4348845672187251 
-0.1049217545473219 -0.4199317688308021 
0.206760634395071 0.02597674683293028 
-0.4088200953871199 -0.03934388471706202 
-0.2526740448108633 0.3073269285329868 
0.2436815358173862 -0.4444333374914092 
0.4088963474229875 0.3209040251755193 
0.4339447006899348 0.3085771867153954 
0.2567707977786389 -0.4532076571632248 
-0.06109430832890261 0.1879564814157378 
-0.01542222966945006 -0.2014178467927667 
-0.2297533827179609 -0.4651054558019205 
-0.02739593575466048 -0.4434959273259118 
0.1639489914886179 0.4906947533513371 
0.1067118226613029 -0.4944012798316789 
-0.4023101747988818 0.3728913910434501 
0.1856024360150121 0.4201367389598272 
0.2381644968298865 -0.1693075570923346 
0.4478853614515489 -0.3907375022682711 
-0.1252014777857824 -0.2612400788452849 
0.3379929790627146 -0.3520074513293872 
-0.1892356511105184 -0.4835906466316345 
0.2920019340626914 -0.3235004067639824 
-0.07133786340368714 0.02452641960655011 
0.2155302224825418 0.4164436645027657 
0.1686621258674768 -0.2956557784189058 
-0.08666948563109106 0.3459517637695668 
0.4112870548025584 -0.4984770654686513 
0.0959606567360094 -0.1892469019528915 
0.3273164460689914 0.2075026069837647 
0.4963100394199695 0.4828247343961379 
-0.1646966959021023 -0.05737065063544611 
-0.2285286939968622 0.1182378703898171 
0.2238828034362595 -0.2017283120208683 
-0.4477424690944538 -0.2076784793359027 
-0.4522044863106724 -0.2008017973981814 
0.1241887874195248 0.2409452751660209 
-0.4327660835653228 -0.499567008576884 
-0.2227131549480494 -0.1399973818473493 
0.06400047434866474 -0.3440320359953046 
-0.1464301935829503 -0.05226631560573941 
-0.4399698897637146 0.4260622718614174 
-0.1714040727088266 0.2117474113700422 
-0.1612626739416855 -0.3417635889181528 
-0.02064018558770436 0.1003970760855797 
0.3736530718148249 -0.01282884554269614 
0.3855891515366632 -0.4031370542041371 
0.475529233436593 0.219818734302948 
0.4934617965421284 -0.3875932915951994 
-0.2804527201507732 0.4311307081311296 
0.01380427276138618 0.008408279631667126 
0.3179517908188997 -0.1842581081988831 
0.1739730305727321 -0.03528043863855346 
0.04166416501781356 0.2496172154784363 
0.3165346796778353 -0.001645044890833114 
0.3517266198543149 0.4692932259936754 
0.4112416900799066 -0.2609219586112741 
-0.3153602507108452 -0.2597351421227074 
-0.3685355366845946 0.02323391337248859 
0.4923779568563942 0.3963131191174621 
-0.1654140075346586 -0.1132272534195587 
-0.01045124932234293 0.3458488083871536 
-0.3190840569502525 0.1542534214949732 
-0.4627500543955249 -0.4401645170898777 
0.1549608024349071 0.4262013979500172 
0.1668880974565522 -0.1117512668592401 
-0.2035451416890557 0.01680131211578972 
0.3796486858088977 -0.2445444941935544 
-0.05931591015245385 0.07749461902072152 
0.4520573620237944 -0.2719239171332902 
-0.2252770440888378 -0.2312821510539224 
-0.1591148662000101 -0.2435588913444047 
-0.4942888324095763 0.4875936480123491 
-0.01356558549549952 0.003200770358742 
-0.2046565187207018 0.3378875500875409 
-0.123952236141965 -0.2652357809853142 
0.182227142790544 -0.3084164585996573 
0.4445788165969576 0.03616315269485415 
-0.2058968536610686 0.491578217122311 
-0.04491258556480759 0.1541708509010923 
0.1494859751774799 0.4107797252114673 
-0.02516549874578183 0.04345886366763974 
0.413117409137187 0.2642882226633729 
-0.1078476781098616 0.4040709388480251 
0.2202621435003934 -0.05415982571817918 
-0.2641943346375547 -0.3141840987970904 
-0.4921499369592871 0.4360094642601995 
0.01105849585594465 -0.1398641487023459 
0.303249941489892 -0.2782396658121046 
-0.374065039562122 0.08887909407623029 
-0.2090704694474772 0.1526177196322174 
0.04600875130482829 0.2690789073417698 
0.4091896744530552 0.2508514171939822 
0.05976290307916976 0.4351076711296176 
-0.1453786428509081 -0.3788531705540169 
-0.3852384494480104 0.2973792294947237 
0.05270387749439465 -0.2059352772365653 
-0.154206816250651 0.2460365693513644 
0.1366152499212094 0.09250044365646359 
-0.3450481028715596 -0.2234661748851334 
0.2039965416341988 -0.430130263725417 
-0.1993429797695419 -0.3574633396765807 
0.1136489404492536 0.09773732824040327 
-0.3287289415753716 0.05267760255623388 
0.3524618375603685 -0.1739027944150407 
0.2157317145874088 -0.1970785308602066 
-0.2988705381740542 -0.1171366652633405 
0.2840639229715466 0.2623472467645511 
0.2701704057587035 -0.2459964409898933 
-0.4621857050454111 0.04485500608091708 
-0.1219170620869073 -0.06006545346236364 
0.4799202154203507 0.01905290085734135 
0.2221006473732187 -0.1544252495788273 
-0.425172375911076 0.1278774772099009 
