-0.496952 -0.264619
-0.48847 0.278359
-0.48847 0.278359
-0.435878 0.20162
-0.435878 0.20162
-0.369697 0.498877
-0.369697 0.498877
-0.156274 0.4945
-0.156274 0.4945
-0.156274 0.4945
-0.156274 0.4945
0.0635728 0.46805
0.0635728 0.46805
0.162102 0.45403
0.162102 0.45403
0.346011 0.40936
0.346011 0.40936
0.346011 0.40936
0.346011 0.40936
0.482857 0.375839
0.482857 0.375839
0.489041 0.305625
0.489041 0.305625
0.489041 0.305625
0.489041 0.305625
0.47371 -0.353658
0.47371 -0.353658
0.437469 -0.465123
0.437469 -0.465123
0.22571 -0.498976
0.22571 -0.498976
0.22571 -0.498976
0.22571 -0.498976
-0.19108 -0.48254
-0.19108 -0.48254
-0.19108 -0.48254
-0.19108 -0.48254
-0.422768 -0.455366
-0.422768 -0.455366
-0.422768 -0.455366
-0.422768 -0.455366
-0.478811 -0.373495
-0.478811 -0.373495
-0.496952 -0.264619
-0.496952 -0.264619
